750
479
577 165
148
106
623
506
642
812
858 322
462
606
374
83
9
196
63
244 146
708
724
369
887
781 967
229
722
746
277
158 585
742
544 459
319
973 102
707
270 753
426 345
984 96
139
930 382
17
486
683 355
289 628
260
259 401
284
641
114 524
839
27 744
117 8
694
933
436
883 769
224 79
567
689 428
190 980
851
160 417
763 407
532
670 573
636 762
511 36
775
647
334
912 901
302
50
263 996
944
752 633
850
859
351
675 622
778
921
574
300
502
435
554
815
134 256
258
26 157
472
831
637 297
718
743
261
663
359 188
654
922
341 86
913
504
519
187
886
301
294
473
169 571
902 124
800 419
865
690
793 331
811
969
914
274
749 306
448
731 949
688
142
939
497
541
179
90
846 796
619 156
711 991
329
751 617
485
566 534
803
167
551
607 601
203
209
381
241
58 143
734
844
942
548 384
964
94 350
713
948
278
986
308
115 119
857 726
961 175
189
802
441
759 806
843
393
854
434 376
518 82
412
408 385
510 513
228
516
869
223 871
251
198 528
59 958
199 399
677
396
919 710
320
477
830
890
559
24
299
940 684
291 697
475 455
4
314
672
681 620
665 910
89
900
418 207
214 471
998
625 454
897 116
400
586 600
613
950
899
316
845
21
293
848
262 76
201
841 330
318 84
645
456
19
957 476
536
853 535
210
60
362
584
988 133
364
849
112
889
13
987
232
526
245
132
483
145
917
41
539
736
975
531
265
35
491
936
580 498
357
449 85
126 795
363 271
955
782 200
801 91
696 372
822
568 15
74
547 774
365 952
166
276
553 562
687
716 388
864
693
122
652
411
140
960 612
75
23
934 55
646
493
80 701
174
564 631
621
739
193
243 413
73
880
304 643
959
878
87
397
184
877
104 195
433
442
323
626
658
543 838
821
444 288
908
450
52 608
666 651
870
409 72
92
514
499
780
249 788
101 673
935
570
733
46 138
508
575
714 183
529 834
719
546
735 698
307 99
155 797
197
37 501
272
443 478
78
635 833
747
875
679
353 10
512 128
246 191
989
738
618 226
561
605
530
761
962
972
221 182
638
727
309
236 95
771
217
48
481 721
495 470
895
540
480
874
786
953 324
360
285 152
100
557
313
211
767
818 990
837 338
492 445
266 700
14
702
855
533
144 794
68 798
25
549
348
42
286
39
346
755
192
591
847 862
219
941 31
655
971
30 817
178
170
578 383
682
70
281
653 624
325
176
429
422 310
282
729
370
43
784
344 661
692
38
392 595
994
240
772
974 12
352
163 371
943 405
490 464
515
130 630
977 129
791
614
231 765
108 168
662 981
298
604
186
610
56
660 54
420
432 257
107
127
361
273 206
395 290
745
906
723
283
644
583 552
279
764
354
3
582 215
213
311
872 525
555
757
904 589
467
685 825
816 424
790
62
181
377
810 542
220
500
828 503
253 414
954
615 162
873 172
945 248
451
640
813 487
593
732
437 599
275
558 968
154
161 909
446
657 32
538
521 674
337 632
205
105 805
550
925
234 237
867
208
931
829
267
5
565
827
109
758 415
239
756
911 398
149
33
461 918
164
970
522 295
440
44 590
225
741
463
609 985
787
416
233
125
809
824 336
235
896
777
879 903
505
177
792
725
439
254
204 868
650
2 227
153 410
768
88 773
366 856
836
861 496
29
951
852
556
923
656
602
997
230
766
460
57 876
581 61
305
966
489
616
748
120
255
639
938
386 123
110
598 0
678
484 465
888
333
884 64
740 67
842
171 999
680
247
881 343
671
16
69 185
785
98
835 720
349
659 339
699 523
216
482 545
287
356
807
389
378
45
406
358
937 403
588
321 995
315
730
494 891
303
820
924
452 180
597
367
627
379
135
326
387
915 956
40 18
103
488
603 750
560
885 898
342
737 892
136
159
51 965
71 335
264 6
218 252
905
65 20
634 587
93 760
907
453
296
66 280
222
202
776
569
111
368 238
391
537 676
466 402
194
832 894
779
691
81
932 517
28
447 664
648
421
978
926
375 242
151 928
507
49 703
380
11
594
438 717
527 394
983
715 47
993 668
712
332
863
686 927
97 709
509
705 882
929 150
317
992
783 137
728
963
327 269
457
458 373
53 572
866 947
423
431
667
292
704
131 427
770 147
113
754
669
520
649
706
611
789 808
77
312
468
390 916
141
804
592
596
1
976
328
340
347
814 118
799
563 579
576
173 250
430
268
404
474 982
7
34
695 840
819
823
469 946
212
121
893
22
425
860
826
629
979 920
